Etruria  (1521,1927)  (1564,1978)  (1487,1876)  (1512,1978)  (1573,1925)  (1540,1871)  (1468,1926)  (1435,1875)  (1461,1976)  (1519,2028)  (1620,1952)
Kjolen Mountains  (1543,69)
Caria  (2752,2494)  (2803,2468)  (2700,2520)  (2856,2444)  (2857,2495)  (2805,2522)  (2753,2546)  (2647,2531)  (2594,2547)  (2659,2580)  (2706,2624)  (2751,2595)  (2824,2570)
Arothi  (1163,205)  (1176,258)  (1123,292)  (1112,238)  (1073,181)  (1125,156)  (1182,148)  (1227,232)  (1235,178)  (1287,211)  (1286,154)
Pamphylia  (2952,2568)  (2957,2516)  (2968,2464)  (2943,2619)  (2891,2604)  (3003,2586)  (2902,2548)  (3007,2531)  (3021,2473)  (2916,2469)  (2926,2418)  (3007,2423)
Peloponnesus  (2175,2475)  (2225,2486)  (2194,2537)  (2244,2537)  (2233,2588)
Hatti  (3203,2361)  (3201,2415)  (3150,2402)  (3151,2348)  (3201,2309)  (3254,2336)  (3308,2336)  (3126,2298)  (3254,2400)
Baku  (3932,2245)  (3917,2192)  (3968,2177)  (3985,2227)  (4035,2216)  (3997,2278)  (3992,2330)  (3817,2267)  (3872,2243)  (3872,2295)  (3930,2298)  (3937,2349)
Meshchera  (3480,760)  (3429,797)  (3427,744)  (3481,707)  (3430,688)  (3377,709)  (3374,760)  (3533,719)  (3534,771)  (3483,814)  (3537,823)  (3544,875)
Goliad  (3323,900)  (3270,868)  (3268,922)  (3324,845)  (3379,852)  (3377,908)  (3338,790)  (3268,814)  (3281,760)  (3434,856)  (3432,909)  (3486,895)  (3216,965)  (3265,1012)  (3318,954)  (3319,1007)
Thrace  (2571,2137)  (2520,2170)  (2466,2157)  (2432,2103)  (2483,2105)  (2536,2085)  (2542,2033)  (2486,2044)  (2433,2047)  (2469,1989)  (2415,1991)  (2365,2026)  (2362,1972)  (2308,1975)  (2629,2142)
Bellovacia  (909,1247)  (856,1270)  (857,1214)  (909,1189)  (961,1225)  (909,1311)  (961,1277)  (1013,1250)  (1041,1299)  (959,1328)
Aram  (3433,2771)  (3437,2719)  (3441,2662)  (3387,2685)  (3382,2737)  (3331,2709)  (3379,2789)  (3427,2826)  (3488,2718)  (3486,2772)  (3480,2826)  (3533,2827)
Sea Zone 1  (4046,1754)  (4011,1700)  (4066,1698)  (4121,1704)  (4099,1759)  (3989,1758)  (3935,1751)  (4077,1643)  (4130,1646)  (4176,1695)  (4181,1643)  (3907,1805)  (3958,1808)  (4012,1812)  (3945,1863)  (4000,1864)  (4056,1863)  (3939,1921)  (3995,1917)  (4232,1630)  (4046,1917)  (4101,1912)
Sea Zone 2  (4126,2062)  (4100,2116)  (4150,2115)  (4179,2061)  (4154,2006)  (4100,2009)  (4072,2059)  (4044,2112)  (4062,2166)  (4111,2171)  (4167,2168)  (4207,2119)  (4219,2174)  (4015,2060)  (4048,2003)  (3992,2006)  (3942,1982)  (4134,2223)  (4188,2223)  (4214,2271)
Dregovich  (2751,695)  (2699,668)  (2720,615)  (2771,635)  (2823,648)  (2804,701)  (2632,760)  (2682,721)  (2731,748)  (2786,759)
Britannia  (778,1152)  (726,1161)  (807,1047)  (751,1048)  (675,1153)  (667,1097)  (698,1046)  (645,1043)  (631,992)  (686,993)  (739,993)  (793,994)  (721,1105)  (773,1099)
Ugarit  (3270,2615)  (3281,2666)  (3230,2665)  (3220,2611)  (3308,2563)  (3178,2669)  (3168,2612)  (3320,2613)  (3319,2510)  (3370,2513)  (3360,2567)  (3372,2621)  (3419,2516)  (3414,2567)
Merya  (3397,328)  (3425,379)  (3479,403)  (3371,419)  (3346,363)  (3292,349)  (3237,386)  (3297,401)  (3244,440)  (3299,456)  (3477,350)  (3452,294)  (3533,304)  (3530,354)  (3537,408)
Hyperborea  (264,477)  (242,528)  (299,432)
Roxalania  (3015,1429)  (3066,1417)  (3007,1376)  (3056,1367)  (3076,1471)  (3022,1479)  (2971,1518)  (2964,1465)  (2958,1411)  (2954,1353)  (2903,1366)  (2904,1419)  (3111,1360)  (3117,1413)  (3132,1467)  (3161,1342)  (3170,1393)  (3178,1447)  (3219,1357)  (3226,1420)
Sea Zone 7  (2710,1987)  (2763,2038)  (2708,2039)  (2763,1982)  (2686,1934)  (2742,1936)  (2799,1936)  (2656,1987)  (2654,2041)  (2673,2092)  (2724,2092)  (2778,2094)  (2815,1990)  (2818,2043)  (2859,1934)  (2869,1992)  (2915,1935)  (2968,1941)  (2922,1990)  (2879,2048)  (2974,1994)  (3025,1936)  (3027,1995)
Sea Zone 8  (2340,2342)  (2343,2290)  (2393,2369)  (2395,2315)  (2444,2281)  (2392,2260)  (2365,2209)  (2419,2206)  (2290,2278)  (2447,2340)  (2392,2421)  (2449,2392)  (2443,2443)  (2398,2493)  (2460,2493)  (2582,2202)
Sea Zone 9  (2812,2709)  (2758,2683)  (2755,2737)  (2865,2724)  (2864,2667)  (2810,2651)  (2845,2777)  (2793,2785)  (2747,2833)  (2811,2834)  (2865,2831)  (2921,2833)  (2977,2825)  (2923,2699)  (2975,2681)  (3030,2653)  (3084,2642)  (3082,2695)  (3036,2758)  (3089,2754)  (3031,2815)  (3087,2810)
Sea Zone 3  (4162,2367)  (4161,2417)  (4213,2416)  (4109,2417)  (4213,2364)  (4110,2363)  (4056,2372)  (4055,2423)  (4270,2362)  (4267,2414)  (4165,2312)  (4113,2311)  (4061,2259)  (4061,2312)  (4045,2481)  (4121,2539)  (4174,2537)  (4227,2537)  (4282,2538)
Sea Zone 4  (3169,1797)  (3115,1799)  (3224,1835)  (3172,1848)  (3121,1854)  (3062,1818)  (3068,1869)  (3016,1860)  (3199,1692)  (3145,1685)  (3126,1637)  (3175,1632)  (3222,1642)  (3277,1871)
Sea Zone 5  (3272,2022)  (3248,2073)  (3303,2073)  (3324,2023)  (3297,1970)  (3243,1968)  (3219,2019)  (3190,1950)  (3162,2003)  (3193,2074)  (3137,2055)  (3104,2001)  (3129,1946)  (3348,1939)  (3379,1993)  (3377,2046)  (3360,2100)  (3239,2128)  (3304,2131)  (3429,1993)  (3432,2045)  (3414,2100)  (3468,2103)
Sea Zone 6  (2796,1784)  (2746,1731)  (2798,1731)  (2849,1742)  (2850,1799)  (2903,1773)  (2923,1823)  (2871,1850)  (2815,1852)  (2763,1836)  (2739,1784)  (2684,1823)  (2713,1872)  (2779,1678)  (2830,1677)  (2884,1689)  (2927,1875)
Marcomanni  (1726,1372)  (1673,1412)  (1673,1355)  (1726,1318)  (1725,1426)  (1778,1433)  (1778,1380)  (1778,1326)  (1673,1299)  (1620,1287)  (1621,1339)  (1568,1301)  (1565,1353)  (1833,1343)  (1828,1395)  (1882,1394)
Siracena  (3518,1466)  (3532,1517)  (3584,1510)  (3570,1462)  (3621,1452)  (3610,1402)  (3556,1409)  (3504,1409)  (3451,1399)  (3455,1451)  (3467,1504)  (3481,1560)  (3534,1568)  (3454,1613)  (3509,1618)
Skalvia  (2167,802)  (2116,782)  (2132,853)  (2186,854)  (2220,792)  (2238,860)  (2272,787)  (2288,839)
Neuri  (2676,1222)  (2623,1188)  (2676,1172)  (2625,1238)  (2728,1145)  (2727,1199)  (2570,1191)  (2516,1179)  (2483,1231)  (2534,1241)  (2540,1294)  (2593,1290)  (2674,1270)  (2771,1176)
Muroma  (3469,528)  (3522,534)  (3487,588)  (3541,588)  (3394,483)  (3446,476)  (3501,475)  (3554,484)  (3499,642)  (3552,652)
Sindica  (3314,1691)  (3266,1736)  (3326,1739)  (3362,1666)  (3374,1714)  (3422,1672)
Colchia  (3545,2069)  (3521,2169)  (3527,2118)  (3578,2160)  (3583,2110)  (3650,2059)  (3596,2054)  (3636,2110)  (3690,2127)  (3539,2015)  (3492,1969)  (3700,2072)
Halogi  (1148,93)  (1091,99)  (1128,39)  (1183,18)  (1200,71)  (1252,93)  (1251,39)  (1304,13)  (1302,67)  (1356,12)
Chunni  (3607,1239)  (3555,1258)  (3555,1202)  (3605,1291)  (3658,1271)  (3658,1220)  (3607,1185)  (3503,1224)  (3523,1310)  (3574,1342)  (3627,1345)  (3552,1148)  (3603,1128)  (3657,1164)  (3657,1112)  (3709,1122)  (3710,1174)  (3708,1228)  (3710,1281)  (3680,1332)  (3679,1385)
Vyatichi  (3257,533)  (3204,492)  (3203,545)  (3151,567)  (3150,510)  (3096,536)  (3310,520)  (3364,536)  (3273,584)  (3324,588)  (3380,587)  (3433,590)  (3320,640)  (3375,639)
Scythia  (3790,1550)  (3739,1517)  (3688,1481)  (3684,1530)  (3628,1560)  (3685,1581)  (3739,1571)  (3719,1428)  (3771,1454)  (3810,1500)  (3848,1544)  (3900,1595)  (3842,1594)  (3790,1604)  (3839,1648)  (3889,1649)  (3942,1653)
Gallaecia  (223,1998)  (167,2013)  (166,1958)  (218,1940)  (271,1937)  (273,1991)  (165,2067)  (220,2054)  (273,2050)  (325,1935)  (325,1993)  (171,2120)  (222,2109)  (277,2103)
Saka  (4239,1810)  (4182,1762)  (4233,1758)  (4283,1705)  (4286,1760)  (4295,1815)  (4182,1817)  (4129,1834)  (4176,1871)  (4226,1867)  (4278,1869)  (4338,1731)  (4346,1785)  (4346,1837)  (4330,1891)
Oiorpata  (3080,1056)  (3091,1113)  (3132,1070)  (3146,1122)  (3181,1060)  (3233,1063)  (3038,1146)  (3025,1094)  (3017,1039)  (2965,1046)  (2965,1100)  (3199,1112)
Ilmenski  (2878,547)  (2827,582)  (2872,493)  (2931,527)  (2880,601)  (2932,583)  (2820,530)  (2768,570)  (2768,514)  (2760,456)  (2812,447)  (2985,540)  (3038,553)  (2987,593)  (3042,604)  (2899,652)  (2953,645)  (3007,650)
Ostrogoth  (1775,463)  (1773,517)  (1718,503)  (1721,448)  (1826,494)  (1834,440)  (1804,389)  (1754,399)  (1796,566)
Aremorica  (613,1436)  (604,1492)  (560,1424)  (552,1478)  (506,1406)  (498,1458)  (450,1424)  (664,1439)  (658,1491)  (716,1439)  (713,1488)  (768,1432)  (769,1482)
Slavoicum  (3113,889)  (3165,929)  (3166,875)  (3112,940)  (3059,912)  (3059,860)  (3112,836)  (3156,791)  (3104,781)  (3036,965)  (3087,991)  (3144,994)  (3208,820)
Bastetania  (621,2392)  (615,2341)  (622,2286)  (567,2308)  (672,2326)  (691,2271)  (643,2229)  (572,2252)  (562,2361)  (565,2414)  (676,2382)  (681,2433)  (621,2443)  (581,2199)  (639,2493)
Celtica  (726,1594)  (674,1610)  (673,1559)  (622,1578)  (725,1542)  (779,1593)  (831,1581)  (657,1661)  (709,1661)  (762,1644)  (705,1709)  (761,1694)  (778,1542)
Akkad  (3681,2750)  (3628,2747)  (3735,2759)  (3572,2756)  (3584,2810)  (3635,2800)  (3687,2810)  (3742,2812)  (3793,2808)  (3841,2837)
Gotini  (1983,1304)  (1974,1251)  (2024,1253)  (1927,1289)  (1926,1339)  (1977,1355)  (2034,1305)  (2031,1355)  (2086,1309)  (2084,1362)  (2135,1378)
Massaesylia  (715,2717)  (766,2676)  (663,2742)  (786,2727)  (732,2766)  (617,2793)  (670,2796)  (719,2817)  (784,2779)  (773,2832)
Cyprus  (2910,2774)  (2960,2754)
Pontic Steppe  (3456,1858)  (3508,1863)  (3560,1875)  (3401,1853)  (3303,1796)  (3356,1806)  (3433,1754)  (3409,1805)  (3462,1805)  (3515,1801)  (3567,1792)  (3622,1788)  (3622,1844)  (3421,1910)
Gurgjan  (3805,2388)  (3798,2333)  (3853,2351)  (3752,2375)  (3728,2430)  (3780,2441)  (3833,2441)  (3879,2404)  (3931,2421)  (3881,2459)  (3702,2483)  (3754,2491)  (3716,2539)  (3900,2512)  (3949,2474)
Armenia  (3427,2382)  (3378,2333)  (3430,2331)  (3481,2320)  (3374,2385)  (3479,2372)  (3327,2455)  (3379,2438)  (3431,2454)  (3479,2424)  (3530,2359)  (3532,2412)  (3485,2477)
Lingonia  (1162,1188)  (1213,1212)  (1159,1240)  (1182,1138)  (1232,1152)  (1262,1201)  (1264,1252)  (1213,1263)  (1107,1247)  (1093,1316)  (1142,1297)
Roma  (1661,2113)  (1608,2110)  (1691,2163)  (1712,2109)  (1742,2159)  (1677,2057)  (1624,2059)  (1642,2006)  (1567,2057)  (1764,2102)
Ulich  (3402,1170)  (3349,1209)  (3336,1136)  (3298,1187)  (3385,1113)  (3286,1118)  (3296,1065)  (3347,1070)  (3454,1184)  (3400,1222)  (3449,1253)  (3395,1276)  (3406,1328)  (3457,1307)
Uruatri  (3642,2370)  (3643,2422)  (3590,2348)  (3639,2317)  (3694,2345)  (3574,2455)  (3628,2470)  (3628,2521)  (3591,2403)
Bergio  (1660,647)  (1711,628)  (1653,702)  (1601,692)  (1604,637)  (1639,586)  (1691,562)  (1744,574)  (1763,630)
Bastarnae  (2455,1363)  (2494,1415)  (2442,1415)  (2508,1363)  (2546,1414)  (2528,1467)  (2476,1467)  (2400,1363)  (2479,1307)  (2426,1312)  (2368,1312)  (2500,1522)  (2551,1521)  (2605,1528)  (2538,1574)
Emi  (2586,84)  (2533,113)  (2532,58)  (2587,138)  (2639,110)  (2639,56)  (2532,166)  (2480,147)  (2479,94)  (2519,6)  (2584,33)  (2636,4)  (2689,7)  (2696,60)  (2585,191)
Piroski  (3017,435)  (3014,382)  (3045,330)  (3066,380)  (3073,433)  (2962,399)  (2901,420)  (2952,455)  (3004,487)  (3058,489)
Rugi  (1245,358)  (1192,384)  (1192,328)  (1246,306)  (1245,410)  (1298,270)  (1299,322)  (1298,373)  (1192,436)  (1139,351)  (1139,404)  (1350,343)
Haemodae  (643,222)
Cimmeria  (3012,1701)  (3001,1648)  (3052,1618)  (3068,1561)  (3014,1566)  (2961,1587)  (2911,1634)  (2907,1583)  (2852,1574)  (2959,1712)  (3063,1738)  (3129,1739)  (2996,1795)
Venethae  (2697,1329)  (2730,1384)  (2730,1271)  (2746,1324)  (2780,1278)  (2801,1333)  (2853,1336)  (2833,1388)  (2781,1388)  (2644,1325)  (2676,1382)  (2621,1378)  (2588,1436)  (2639,1436)  (2693,1441)  (2637,1486)
Aquitania  (712,1872)  (718,1820)  (730,1766)  (704,1926)  (652,1923)  (659,1872)  (665,1818)  (675,1765)  (782,1755)  (775,1807)  (767,1859)  (758,1914)
Issedones  (3832,1348)  (3777,1378)  (3833,1401)  (3858,1452)  (3886,1399)  (3887,1346)  (3789,1293)  (3841,1285)  (3892,1290)  (3942,1266)  (3942,1318)  (3938,1371)  (3996,1353)  (3992,1297)  (4046,1283)  (4047,1340)  (4102,1269)  (4102,1324)  (4151,1331)
Liguria  (1329,1802)  (1381,1824)  (1275,1822)  (1257,1769)  (1307,1752)  (1317,1701)  (1367,1714)  (1375,1765)  (1428,1816)
Ulaidia  (259,776)  (206,830)  (259,830)  (311,818)  (205,771)  (313,765)  (234,882)  (181,894)  (127,851)  (128,908)  (76,881)  (295,873)
Moesia  (2429,1862)  (2409,1916)  (2483,1865)  (2460,1918)  (2375,1848)  (2355,1903)  (2324,1834)  (2306,1891)  (2269,1839)  (2256,1893)  (2204,1892)  (2534,1855)  (2530,1910)  (2521,1959)  (2585,1873)  (2582,1923)  (2570,1976)
Naristi  (1439,1404)  (1491,1403)  (1388,1439)  (1543,1405)  (1339,1516)  (1391,1490)  (1441,1472)  (1493,1460)  (1544,1458)  (1593,1410)  (1593,1461)
Massylia  (936,2630)  (881,2636)  (991,2615)  (903,2690)  (955,2683)  (1008,2673)  (1046,2616)  (825,2637)  (845,2690)  (849,2745)  (902,2742)  (955,2734)  (1006,2727)  (842,2798)  (898,2795)  (949,2791)  (999,2780)
Sarmatia  (2667,1636)  (2743,1579)  (2689,1580)  (2638,1579)  (2610,1631)  (2605,1685)  (2657,1688)  (2724,1631)  (2686,1526)  (2741,1520)  (2757,1467)  (2809,1508)  (2813,1454)  (2864,1455)  (2863,1504)  (2913,1506)  (2710,1684)
Ladogaski  (2758,293)  (2888,352)  (2864,297)  (2917,285)  (2942,339)  (2836,385)  (2812,331)  (2760,345)  (2776,396)  (2955,231)  (3007,203)  (3041,253)  (2980,287)
Taurisci  (2093,1565)  (2119,1514)  (2144,1565)  (2041,1586)  (2032,1638)  (2088,1617)  (2139,1617)  (2192,1569)  (2084,1670)  (2136,1670)
Arvernia  (903,1683)  (851,1673)  (835,1724)  (887,1735)  (939,1743)  (953,1685)  (878,1620)  (928,1631)  (980,1631)  (896,1567)  (1003,1684)
Cilicia  (3130,2514)  (3094,2569)  (3073,2517)  (3081,2458)  (3132,2458)  (3185,2470)  (3182,2524)  (3239,2482)  (3236,2533)
Budini  (3943,1197)  (3957,1141)  (3885,1202)  (3900,1142)  (3997,1223)  (4008,1172)  (4016,1115)  (3845,1120)  (3835,1173)  (3791,1140)  (3784,1197)  (4072,1117)  (4064,1170)  (4130,1118)  (4122,1170)  (4055,1227)
Helvetia  (1153,1541)  (1158,1488)  (1209,1479)  (1207,1534)  (1170,1593)  (1118,1590)  (1098,1533)  (1260,1489)  (1259,1541)  (1060,1585)  (1049,1635)  (1107,1648)
Mari  (3428,155)  (3460,205)  (3408,205)  (3377,257)  (3322,237)  (3308,185)  (3361,181)  (3480,151)  (3489,99)  (3525,46)  (3546,97)  (3564,146)  (3559,196)  (3508,200)  (3508,253)
Carpathian Mountains  (2371,1461)
Hellas  (2208,2388)  (2157,2402)  (2259,2354)  (2228,2303)  (2178,2336)  (2128,2347)  (2206,2250)  (2156,2283)  (2102,2297)  (2204,2198)  (2156,2230)  (2105,2244)  (2052,2241)  (2048,2187)  (2099,2194)  (2261,2405)  (2314,2437)
Germania  (1537,1051)  (1508,1102)  (1562,1102)  (1590,1048)  (1556,1001)  (1506,1004)  (1474,1053)  (1639,1038)  (1613,1127)  (1658,1086)
Karelia  (2896,91)  (2845,109)  (2899,142)  (2950,116)  (2948,65)  (2894,38)  (2839,55)  (2786,71)  (2791,122)  (2849,163)  (2901,195)  (2848,216)  (2793,177)  (2793,229)  (2737,220)  (2739,164)  (2683,195)  (2791,13)  (2948,9)  (3001,29)  (3056,71)  (3000,80)  (3002,134)  (3051,135)
Vasconia  (530,2006)  (580,1966)  (477,2027)  (527,1952)  (475,1973)  (419,1944)  (421,1996)  (582,2018)  (528,2058)  (634,2016)  (580,2072)  (589,2125)
Alemannia  (1284,1374)  (1300,1322)  (1263,1427)  (1230,1377)  (1246,1325)  (1310,1268)  (1350,1339)  (1334,1388)  (1321,1440)
Mauria  (452,2778)  (508,2773)  (400,2764)  (560,2781)  (355,2714)  (344,2766)  (320,2820)  (373,2820)  (423,2829)  (473,2831)  (524,2831)
Navari  (2330,1168)  (2289,1115)  (2340,1116)  (2279,1168)  (2296,1062)  (2347,1062)  (2398,1075)  (2392,1125)  (2382,1172)  (2415,1224)  (2362,1223)  (2308,1220)  (2229,1190)  (2253,1240)  (2302,1272)
Paphlagonia  (2956,2149)  (2906,2118)  (2904,2170)  (2955,2199)  (2957,2099)  (3007,2101)  (3009,2152)  (3009,2203)  (2851,2154)  (3060,2094)  (3060,2144)  (3114,2122)  (3062,2196)  (3115,2177)  (2902,2219)  (3063,2249)
Aukstaitia  (2439,776)  (2388,732)  (2385,785)  (2442,727)  (2382,839)  (2436,832)  (2336,692)  (2332,745)  (2494,724)  (2490,779)  (2489,836)  (2546,752)  (2546,805)
Sicilia  (1591,2481)  (1663,2503)  (1723,2475)  (1712,2525)  (1722,2576)
Ardhan  (3864,1940)  (3809,1932)  (3870,1885)  (3816,1853)  (3762,1836)  (3757,1888)  (3753,1938)  (3701,1930)  (3709,1835)  (3675,1884)  (3888,1993)  (3901,2044)  (3940,2092)
Sitones  (1797,104)  (1847,147)  (1794,158)  (1742,155)  (1743,99)  (1850,92)  (1782,46)  (1834,40)  (1884,35)
Caucasus Mountains  (3711,1995)
Illyria  (2063,2053)  (2043,1999)  (1993,1944)  (1941,1969)  (1991,2001)  (2046,1941)  (2094,1989)  (2117,2041)  (2057,2105)  (2114,2094)  (2125,2144)
Maeotia  (3345,1544)  (3295,1524)  (3242,1535)  (3190,1559)  (3138,1573)  (3131,1521)  (3188,1503)  (3239,1478)  (3291,1470)  (3345,1492)  (3340,1439)  (3394,1452)  (3401,1504)  (3284,1612)  (3336,1597)  (3402,1553)  (3391,1605)
Phrygia  (2877,2321)  (2866,2266)  (2815,2294)  (2830,2344)  (2881,2375)  (2928,2290)  (2931,2343)  (2981,2297)  (2982,2351)  (3035,2304)  (3033,2357)  (3080,2394)
Semigallia  (2405,625)  (2372,569)  (2426,569)  (2352,637)  (2319,577)  (2303,627)  (2462,621)  (2406,674)  (2460,671)
Info  (3741,923)
Finni  (2284,47)  (2259,99)  (2313,99)  (2335,46)  (2233,46)  (2206,98)  (2367,96)  (2179,46)  (2386,40)  (2436,11)
Caledonia  (438,534)  (489,523)  (490,575)  (437,587)  (399,639)  (383,587)  (383,530)  (346,642)  (439,481)  (381,475)  (418,425)  (473,427)  (330,534)  (544,521)  (546,571)
Gothia  (1965,904)  (1978,852)  (1938,809)  (1886,823)  (1899,873)  (1909,925)  (1905,979)  (1962,955)  (1960,1007)  (2033,853)  (2018,902)  (2014,954)  (2081,856)  (2077,910)  (2066,963)  (2018,1009)
Vagoth  (1976,492)  (1955,542)
Aorsi  (3984,1473)  (3930,1450)  (3913,1502)  (3983,1422)  (4034,1414)  (4036,1468)  (3966,1527)  (4016,1521)  (4069,1516)  (3963,1580)  (4018,1575)  (4074,1569)  (4004,1630)
Latgallia  (2437,505)  (2489,469)  (2437,450)  (2490,523)  (2384,456)  (2383,510)  (2544,483)  (2544,536)  (2539,587)
Saxonia  (1340,947)  (1397,943)  (1283,940)  (1357,998)  (1303,998)  (1233,911)  (1409,1008)
Mannea  (3860,2618)  (3808,2633)  (3804,2578)  (3751,2581)  (3809,2525)  (3858,2565)  (3913,2569)  (3914,2623)  (3964,2557)  (4053,2548)  (4008,2591)  (3963,2626)  (3915,2674)  (3863,2672)  (3808,2688)  (3821,2742)  (3873,2727)
Dumnonia  (534,1171)  (483,1180)  (560,1117)  (611,1096)  (589,1170)  (431,1210)
Aeduia  (1022,1423)  (1049,1373)  (1072,1427)  (1103,1377)  (1125,1430)  (1085,1478)  (1032,1479)  (974,1453)  (1156,1371)  (1180,1421)  (957,1506)  (977,1558)  (1027,1531)
Mordvia  (3437,1029)  (3384,1023)  (3430,972)  (3431,1081)  (3481,962)  (3534,954)  (3489,1016)  (3539,1003)  (3490,1071)  (3542,1058)  (3483,1125)
Narbonensis  (877,1860)  (826,1867)  (840,1809)  (891,1800)  (931,1861)  (942,1808)  (864,1917)  (814,1922)  (916,1915)  (968,1908)  (910,1966)
Livonia  (2455,392)  (2425,339)  (2476,337)  (2403,395)  (2367,347)  (2350,403)  (2293,398)  (2235,418)  (2528,344)  (2508,396)
Mysia  (2645,2260)  (2592,2265)  (2699,2235)  (2750,2182)  (2749,2232)  (2707,2286)  (2656,2313)  (2605,2318)  (2538,2273)  (2549,2322)  (2799,2192)  (2699,2179)  (2802,2245)
Cimbria  (1355,691)  (1374,637)  (1320,637)  (1301,691)  (1390,580)  (1337,581)  (1400,525)  (1425,635)  (1412,730)
Dacia  (2503,1742)  (2451,1754)  (2506,1794)  (2452,1804)  (2556,1801)  (2556,1748)  (2542,1690)  (2399,1757)  (2349,1776)  (2348,1724)  (2299,1766)  (2247,1782)  (2608,1746)  (2664,1745)  (2609,1804)
Iberia  (3706,2185)  (3653,2186)  (3602,2217)  (3651,2238)  (3704,2236)  (3758,2160)  (3758,2214)  (3780,2103)  (3809,2154)  (3811,2206)  (3860,2175)  (3536,2230)  (3540,2281)  (3592,2268)  (3725,2291)
Jyrcae  (4251,1204)  (4199,1256)  (4252,1256)  (4222,1313)  (4276,1306)  (4196,1204)  (4218,1149)  (4271,1146)  (4322,1121)  (4372,1125)  (4321,1174)  (4372,1177)  (4307,1228)  (4361,1230)  (4327,1282)  (4380,1283)  (4347,1332)
Dahae  (4319,2052)  (4258,2063)  (4274,2114)  (4286,2166)  (4328,2102)  (4340,2154)  (4372,2052)  (4374,1995)  (4318,2001)  (4262,2009)  (4225,1953)  (4278,1948)
Ragnarici  (1450,282)  (1477,333)  (1400,323)  (1396,267)  (1452,224)  (1503,281)  (1508,227)  (1398,214)  (1344,196)  (1345,248)  (1556,273)  (1576,324)  (1526,334)  (1495,384)
Vepsia  (3163,276)  (3174,326)  (3213,275)  (3120,329)  (3111,274)  (3105,219)  (3155,216)  (3208,215)  (3262,238)  (3284,289)  (3227,328)  (3123,382)  (3179,379)  (3155,433)
Galindia  (2190,964)  (2116,1001)  (2168,1015)  (2221,1020)  (2136,949)  (2186,910)  (2272,1017)  (2240,969)  (2241,917)  (2293,962)
Suiones  (1867,285)  (1816,270)  (1867,233)  (1918,242)  (1917,293)  (1813,323)  (1864,338)  (1969,268)  (1762,278)  (1814,216)  (1764,225)  (1970,320)  (1916,365)
Pomerania  (1778,875)  (1725,882)  (1829,854)  (1735,935)  (1789,926)  (1841,907)  (1845,962)
Canaan  (3212,2782)  (3158,2737)  (3210,2729)  (3262,2723)  (3159,2787)  (3261,2773)  (3158,2836)  (3211,2832)  (3261,2830)  (3310,2780)  (3314,2829)
Frisia  (1133,1001)  (1081,954)  (1132,945)  (1079,1007)  (1084,1058)  (1136,1056)  (1184,926)  (1184,978)  (1187,1029)  (1237,1015)  (1190,1080)  (1243,1069)
Creta  (2391,2747)  (2336,2726)  (2443,2752)
Venedi  (2102,1131)  (2048,1127)  (2039,1070)  (2095,1067)  (2148,1076)  (2202,1079)  (2155,1130)  (2205,1139)  (2158,1184)  (2105,1181)  (2050,1182)  (1998,1196)  (2096,1236)  (2149,1237)  (2134,1290)  (2189,1281)
Vironia  (2651,425)  (2598,425)  (2587,373)  (2642,371)  (2648,315)  (2703,423)  (2625,479)  (2679,478)  (2609,537)  (2659,539)  (2715,539)
Peucini  (2609,1061)  (2571,1010)  (2555,1063)  (2624,1004)  (2500,1045)  (2485,1095)  (2536,1127)  (2588,1122)  (2640,1112)  (2674,1038)  (2695,1091)
Pontus  (3304,2202)  (3303,2254)  (3354,2271)  (3355,2218)  (3253,2207)  (3250,2258)  (3408,2199)  (3405,2251)  (3201,2180)  (3199,2231)  (3148,2239)  (3459,2191)  (3458,2245)
Scordisci  (2073,1780)  (2022,1751)  (1993,1689)  (1971,1735)  (1972,1786)  (2041,1703)  (2024,1806)  (2091,1729)  (2143,1736)  (2127,1789)  (2176,1788)  (2047,1859)  (2098,1841)  (2154,1842)
Chattia  (1366,1139)  (1355,1087)  (1380,1189)  (1302,1092)  (1311,1146)  (1325,1198)  (1407,1072)  (1417,1123)  (1433,1175)
Yotvingia  (2415,968)  (2432,915)  (2378,915)  (2359,966)  (2323,905)  (2381,1016)  (2485,899)  (2470,965)  (2524,949)  (2435,1019)
Norici  (1991,1468)  (1948,1415)  (2001,1413)  (2053,1416)  (1937,1469)  (1885,1481)  (1823,1510)  (1881,1533)  (1933,1547)  (1980,1521)  (2040,1468)  (2037,1524)
Selonia  (2566,643)  (2566,693)  (2516,671)  (2616,600)  (2667,608)  (2616,651)  (2617,701)
Salluvia  (1084,1836)  (1033,1889)  (1031,1836)  (1085,1887)  (1046,1784)  (994,1787)  (1081,1715)  (1027,1732)  (1204,1877)  (1132,1881)  (1138,1932)
Hallin  (1591,461)  (1567,409)  (1618,407)  (1646,459)  (1515,438)  (1535,490)  (1586,512)  (1639,515)  (1623,356)  (1584,563)
Iazyges  (2298,1621)  (2251,1571)  (2300,1567)  (2342,1671)  (2351,1616)  (2351,1565)  (2317,1511)  (2262,1516)  (2208,1509)  (2273,1462)  (2220,1458)  (2164,1473)  (2168,1424)  (2217,1402)  (2246,1623)  (2291,1673)  (2238,1675)  (2189,1698)  (2242,1727)
Celtiberia  (462,2167)  (485,2115)  (432,2115)  (411,2166)  (518,2170)  (511,2226)  (457,2221)  (434,2273)  (485,2274)  (381,2112)  (425,2063)  (372,2056)  (413,2325)  (465,2326)  (430,2378)  (485,2378)
Sardinia  (1340,2182)  (1303,2233)  (1356,2233)  (1305,2284)  (1356,2282)  (1334,2335)
Severia  (2905,1222)  (2886,1170)  (2865,1115)  (2830,1167)  (2850,1222)  (2872,1274)  (2924,1298)  (2978,1291)  (2957,1237)  (2955,1180)  (3010,1213)  (2800,1230)  (3029,1267)
Ilercavonia  (733,2114)  (747,2061)  (694,2059)  (678,2110)  (652,2162)  (703,2167)  (758,2167)  (800,2082)  (808,2136)  (736,2220)  (855,2092)  (905,2060)
Assur  (3592,2624)  (3547,2574)  (3598,2572)  (3648,2575)  (3538,2627)  (3484,2621)  (3493,2574)  (3514,2523)  (3533,2677)  (3584,2676)  (3643,2626)  (3633,2679)  (3695,2622)  (3686,2675)  (3746,2639)  (3738,2692)
Parthia  (4248,2683)  (4302,2713)  (4245,2735)  (4301,2769)  (4357,2739)  (4355,2684)  (4303,2658)  (4245,2630)  (4299,2603)  (4355,2631)  (4360,2576)  (4358,2791)  (4305,2822)  (4246,2787)  (4246,2832)
Civitatica  (853,1378)  (825,1324)  (799,1375)  (771,1318)  (744,1369)  (904,1383)  (865,1433)  (917,1439)  (955,1391)  (691,1364)  (640,1343)  (841,1487)  (894,1493)
Belgica  (1087,1163)  (1074,1112)  (1033,1164)  (1021,1103)  (1130,1111)  (969,1117)  (978,1168)  (1059,1217)
Lusitania  (297,2218)  (292,2165)  (345,2166)  (354,2219)  (297,2271)  (245,2282)  (244,2229)  (240,2178)  (183,2180)  (186,2234)  (183,2289)  (360,2274)
Polan  (2850,990)  (2798,1011)  (2796,957)  (2847,938)  (2901,926)  (2904,978)  (2851,1053)  (2904,1040)  (2954,918)  (2959,972)  (2744,999)  (2759,1052)  (2796,1101)
Vandalia  (1822,1084)  (1849,1031)  (1793,1024)  (1736,1021)  (1710,1078)  (1765,1081)  (1818,1136)  (1881,1082)  (1874,1134)  (1936,1084)  (1985,1064)  (1925,1140)  (1976,1133)
Hermunduria  (1472,1221)  (1515,1171)  (1523,1222)  (1569,1180)  (1576,1238)  (1626,1207)  (1421,1232)  (1366,1277)  (1419,1286)  (1468,1277)  (1519,1279)  (1417,1339)  (1471,1330)
Sea Zone 32  (1646,766)  (1719,707)  (1678,818)  (1731,812)  (1771,693)  (1752,759)  (1805,788)  (1820,734)  (1594,768)  (1698,760)  (1872,767)
Sea Zone 33  (1963,612)  (2011,559)  (2016,611)  (1905,606)  (1899,550)  (1851,598)  (2063,544)  (2069,595)  (1846,654)  (1898,662)  (1950,664)  (2003,664)  (2061,660)  (2118,549)  (1915,716)  (1966,718)  (2017,715)  (2070,715)  (1984,771)
Sea Zone 30  (1088,824)  (985,764)  (1036,736)  (1036,790)  (1089,772)  (981,816)  (1034,843)  (1088,878)  (1034,897)  (979,871)  (1141,848)  (1144,793)  (1144,739)  (1090,718)  (1199,717)  (1199,771)  (1198,828)  (984,703)  (932,736)  (927,787)  (926,841)  (874,763)  (872,817)  (818,803)  (778,852)  (831,895)
Sea Zone 31  (1196,536)  (1252,505)  (1250,559)  (1305,482)  (1143,489)  (1142,541)  (1196,590)  (1140,594)  (1087,631)  (1085,574)  (1089,517)  (1361,474)  (1381,420)  (1434,398)  (1432,456)  (1470,505)  (1466,558)  (1518,577)  (1495,631)  (1038,482)  (1035,532)  (1032,584)  (1033,636)  (986,487)  (979,539)  (977,592)  (932,637)
Samnium  (1818,2216)  (1808,2268)  (1815,2166)  (1868,2196)  (1764,2220)  (1817,2320)  (1918,2228)  (1833,2369)  (1806,2426)
Sea Zone 34  (2141,346)  (2194,329)  (2250,322)  (2084,304)  (2088,355)  (2152,398)  (2304,310)  (2094,407)  (2033,336)  (2035,388)  (1982,396)  (2358,296)  (2413,281)  (2468,274)  (2522,265)  (2576,260)  (2629,255)  (2032,441)  (1929,441)  (2090,461)  (2143,465)
Sea Zone 35  (2008,98)  (1987,148)  (2039,149)  (2060,97)  (2033,45)  (1979,44)  (1954,95)  (1935,148)  (2092,151)  (2113,98)  (2086,45)  (1972,200)  (2026,202)
Alps  (1428,1592)
Celticia  (243,2418)  (190,2392)  (189,2444)  (241,2367)  (294,2335)  (294,2388)  (136,2398)  (138,2345)  (345,2330)  (348,2384)  (341,2438)  (291,2442)  (275,2493)  (222,2493)  (167,2497)  (203,2547)
Brigantes  (691,885)  (664,834)  (612,797)  (636,891)  (599,850)  (640,943)  (558,790)  (526,837)  (699,942)
Anglia  (1368,813)  (1351,761)  (1300,783)  (1316,833)  (1311,884)  (1364,882)  (1416,885)  (1420,832)
Dania  (1537,687)  (1483,714)  (1534,742)  (1512,792)
Media  (4048,2716)  (4047,2661)  (3992,2680)  (3995,2731)  (4050,2768)  (4104,2739)  (4101,2686)  (4097,2632)  (4152,2631)  (4158,2683)  (4157,2735)  (3941,2745)  (3996,2787)  (3888,2793)  (3943,2802)  (4048,2822)  (4102,2792)  (4159,2788)
Drevlyan  (2699,862)  (2646,868)  (2592,862)  (2582,916)  (2633,919)  (2688,914)  (2627,820)  (2682,806)  (2740,809)  (2758,861)  (2749,912)  (2664,969)  (2717,966)
Sumi  (2293,240)  (2238,228)  (2346,229)  (2398,218)  (2182,230)  (2131,241)  (2180,176)  (2234,169)  (2286,171)  (2341,168)  (2394,153)  (2449,206)
Hibernia  (247,939)  (193,950)  (139,966)  (192,1003)  (245,992)  (243,1044)  (189,1056)  (138,1019)  (137,1074)  (87,1030)  (86,1084)  (299,933)  (298,986)
Pyrenees  (760,1992)
Macedonia  (2249,2091)  (2282,2143)  (2304,2091)  (2279,2037)  (2225,2038)  (2194,2091)  (2226,2145)  (2240,1983)  (2189,1980)  (2139,1935)  (2357,2085)  (2338,2144)  (2283,2198)
Gautigoth  (1687,284)  (1678,337)  (1734,333)  (1633,287)  (1607,236)  (1659,233)  (1690,182)  (1710,233)  (1697,388)
Corsica  (1333,2019)  (1332,2070)
Sea Zone 18  (718,2595)  (692,2543)  (742,2542)  (770,2592)  (705,2646)  (666,2592)  (613,2612)  (651,2661)  (593,2721)  (596,2667)  (715,2487)  (766,2485)  (795,2537)  (845,2578)  (851,2524)  (819,2471)  (545,2626)  (541,2682)  (486,2705)  (489,2650)  (434,2639)  (435,2692)  (759,2428)  (811,2413)  (872,2469)  (868,2416)  (749,2342)  (798,2350)  (852,2356)
Teutonia  (1609,841)  (1553,866)  (1605,895)  (1659,890)  (1681,942)  (1616,961)  (1562,946)  (1498,887)  (1509,938)  (1456,938)  (1667,993)
Sea Zone 19  (215,2642)  (162,2654)  (215,2694)  (162,2708)  (109,2681)  (107,2731)  (159,2764)  (215,2750)  (267,2723)  (271,2668)  (268,2615)  (165,2599)  (109,2626)  (58,2656)  (52,2711)  (103,2785)  (50,2765)  (156,2816)  (212,2803)  (268,2781)  (93,2565)  (42,2595)  (17,2540)  (47,2818)  (74,2507)
Sea Zone 16  (1086,2131)  (1033,2103)  (1034,2155)  (1087,2187)  (1139,2160)  (1140,2106)  (1086,2077)  (1137,2051)  (1084,2025)  (1032,2051)  (980,2130)  (981,2181)  (1031,2210)  (1139,2213)  (1192,2180)  (1193,2130)  (1192,2077)  (1192,2026)  (1136,1999)  (926,2162)  (978,2231)  (1085,2238)  (1030,2263)  (1191,2232)  (1139,2266)  (1246,2141)  (1246,2086)  (1229,1969)  (1246,2025)  (923,2214)  (872,2187)  (870,2237)  (819,2210)  (820,2262)  (765,2274)  (1244,2194)  (1283,1968)  (1291,1912)  (1245,2251)
Sea Zone 17  (1124,2392)  (1098,2446)  (1154,2446)  (1176,2391)  (1072,2390)  (1100,2339)  (1152,2339)  (1209,2443)  (1045,2448)  (1077,2500)  (1129,2500)  (1183,2497)  (1241,2497)  (1262,2441)  (1230,2391)  (1212,2336)  (1049,2336)  (1017,2391)  (992,2443)  (1020,2501)  (968,2501)  (1312,2410)  (1315,2466)  (1299,2519)  (991,2338)  (963,2389)  (1084,2557)
Lydia  (2654,2376)  (2603,2388)  (2704,2369)  (2728,2419)  (2673,2424)  (2620,2439)  (2667,2473)  (2600,2491)  (2557,2457)  (2553,2403)  (2748,2332)  (2773,2384)
Sea Zone 10  (2420,2609)  (2366,2609)  (2392,2663)  (2445,2662)  (2474,2608)  (2445,2556)  (2391,2557)  (2338,2558)  (2498,2555)  (2526,2607)  (2496,2659)  (2550,2658)  (2314,2613)  (2336,2665)  (2281,2666)  (2603,2623)  (2603,2674)  (2524,2714)  (2578,2726)  (2229,2661)  (2247,2718)  (2217,2772)  (2275,2772)  (2329,2790)  (2380,2808)  (2435,2806)  (2492,2806)  (2547,2781)  (2604,2778)
Sea Zone 11  (1955,2672)  (2004,2645)  (2011,2696)  (1902,2707)  (1957,2727)  (1900,2649)  (1949,2619)  (2004,2586)  (2059,2611)  (2061,2665)  (2010,2750)  (2063,2723)  (1957,2779)  (1901,2760)  (1898,2594)  (1847,2619)  (1847,2673)  (1850,2728)  (1849,2784)  (1793,2749)  (1794,2693)  (1792,2642)  (1786,2584)  (1840,2564)  (1947,2567)  (2111,2566)  (2113,2622)  (2116,2676)  (2117,2731)  (1793,2804)  (1843,2834)  (1899,2812)  (1952,2835)  (2011,2802)  (2062,2775)  (2064,2828)  (2121,2785)
Walha  (570,1014)  (570,960)  (553,903)  (516,959)  (516,1011)  (530,1064)  (464,964)  (423,1076)  (476,1074)
Sea Zone 14  (1567,2711)  (1615,2656)  (1618,2707)  (1563,2656)  (1511,2628)  (1511,2683)  (1512,2736)  (1563,2767)  (1617,2761)  (1674,2735)  (1671,2681)  (1669,2622)  (1612,2602)  (1559,2604)  (1572,2547)  (1515,2557)  (1460,2660)  (1508,2789)  (1455,2834)  (1561,2819)  (1611,2815)  (1671,2788)  (1671,2834)
Zaueces  (1287,2608)  (1315,2660)  (1260,2660)  (1338,2599)  (1388,2567)  (1235,2606)  (1181,2597)  (1208,2657)  (1160,2647)  (1129,2598)  (1389,2617)  (1369,2669)  (1438,2595)
Sea Zone 15  (1545,2286)  (1493,2308)  (1492,2254)  (1545,2232)  (1596,2261)  (1597,2315)  (1541,2341)  (1486,2363)  (1594,2370)  (1649,2345)  (1651,2289)  (1601,2207)  (1652,2232)  (1550,2179)  (1493,2192)  (1435,2224)  (1435,2273)  (1437,2323)  (1435,2376)  (1487,2414)  (1541,2394)  (1438,2167)  (1520,2120)  (1468,2109)  (1414,2113)  (1461,2058)  (1409,2061)  (1403,2008)  (1382,2389)  (1432,2430)  (1376,2444)  (1427,2484)  (1480,2469)  (1651,2398)  (1705,2270)  (1703,2324)  (1703,2380)  (1756,2362)
Sea Zone 12  (1997,2342)  (1944,2365)  (1995,2394)  (2048,2358)  (2049,2409)  (2002,2287)  (1916,2314)  (1941,2416)  (1888,2404)  (1996,2446)  (1889,2454)  (1941,2469)  (2049,2460)  (1983,2202)  (1932,2148)  (1984,2142)  (1975,2085)  (1923,2097)  (1832,2488)  (1887,2506)  (1998,2497)  (1781,2504)  (2101,2439)  (2104,2494)
Sea Zone 13  (1778,1992)  (1801,2041)  (1749,2043)  (1819,1945)  (1848,1996)  (1765,1939)  (1714,1990)  (1899,2019)  (1711,1932)  (1719,1874)  (1661,1898)  (1695,1821)  (1641,1845)  (1614,1794)  (1601,1742)  (1855,2063)
Thyssagetae  (4246,1494)  (4193,1478)  (4244,1440)  (4295,1437)  (4298,1486)  (4345,1389)  (4346,1438)  (4350,1488)  (4294,1378)  (4240,1386)  (4189,1423)  (4134,1399)  (4138,1454)  (4125,1506)  (4178,1537)  (4230,1548)  (4286,1545)  (4336,1539)  (4295,1597)  (4350,1589)  (4336,1649)
Caspian Steppe  (3668,1689)  (3680,1743)  (3729,1773)  (3730,1719)  (3609,1638)  (3662,1637)  (3715,1643)  (3769,1670)  (3788,1722)  (3785,1776)  (3842,1726)  (3613,1690)  (3625,1741)  (3561,1727)  (3561,1669)  (3509,1674)  (3505,1727)  (3841,1777)
Gyzantes  (1336,2803)  (1262,2757)  (1314,2750)  (1367,2742)  (1419,2729)  (1284,2810)  (1387,2796)  (1437,2781)
Maxyes  (1108,2736)  (1096,2683)  (1056,2734)  (1158,2706)  (1056,2787)  (1107,2790)  (1161,2759)  (1160,2810)  (1213,2792)  (1027,2837)
Pannonia  (1797,1676)  (1848,1638)  (1746,1660)  (1794,1623)  (1767,1568)  (1816,1572)  (1868,1587)  (1898,1660)  (1919,1610)  (1972,1603)  (1846,1690)  (1948,1661)  (1896,1729)
Mallorca  (926,2306)
Tiveria  (3194,1233)  (3235,1178)  (3181,1178)  (3127,1180)  (3071,1196)  (3139,1231)  (3085,1248)  (3092,1302)  (3141,1286)  (3208,1285)  (3249,1227)  (3260,1303)  (3300,1246)  (3313,1298)  (3289,1355)  (3347,1351)
Sea Zone 29  (734,611)  (681,637)  (682,583)  (733,665)  (789,638)  (736,558)  (789,582)  (842,608)  (790,525)  (844,549)  (735,503)  (680,527)  (628,589)  (625,643)  (788,690)  (677,690)  (730,721)  (676,746)  (730,775)
Sea Zone 27  (530,245)  (558,191)  (501,190)  (474,248)  (504,300)  (581,263)  (611,316)  (449,301)  (419,244)  (443,189)  (470,134)  (526,134)  (583,132)  (636,147)  (553,80)  (490,79)  (431,77)  (409,132)  (384,185)  (363,240)  (393,298)  (613,76)  (667,88)  (668,314)  (643,368)
Sea Zone 28  (919,278)  (868,300)  (920,331)  (971,306)  (972,252)  (917,224)  (864,248)  (814,301)  (867,352)  (918,384)  (973,360)  (1026,317)  (1024,263)  (994,198)  (941,171)  (886,171)  (833,191)  (812,248)  (833,135)  (887,119)  (939,118)  (993,141)  (864,68)  (919,66)  (970,63)  (866,418)
Orcades  (519,355)
Sea Zone 21  (209,1752)  (183,1698)  (153,1753)  (181,1806)  (236,1810)  (265,1756)  (243,1697)  (213,1645)  (158,1640)  (126,1695)  (96,1750)  (119,1806)  (146,1862)  (201,1860)  (256,1862)  (291,1807)  (321,1752)  (298,1698)  (273,1641)  (103,1644)  (53,1693)  (39,1748)  (61,1803)  (90,1862)  (38,1856)  (20,1915)  (81,1915)  (309,1868)  (363,1863)  (346,1805)  (378,1748)  (353,1691)  (327,1640)  (384,1634)  (407,1695)  (405,1804)
Venetia  (1530,1714)  (1581,1685)  (1529,1767)  (1477,1791)  (1475,1740)  (1633,1667)  (1686,1667)  (1661,1725)
Radimich  (3162,670)  (3216,740)  (3162,723)  (3216,679)  (3219,626)  (3163,619)  (3109,622)  (3101,678)  (3073,730)  (3270,686)  (3322,694)
Sea Zone 22  (477,1746)  (530,1717)  (478,1692)  (530,1772)  (583,1748)  (587,1696)  (529,1658)  (583,1639)  (477,1635)  (531,1603)  (478,1582)  (478,1528)  (476,1800)  (526,1830)  (585,1801)  (472,1854)  (523,1885)  (534,1549)  (583,1854)
Sea Zone 20  (64,2171)  (116,2168)  (101,2222)  (107,2112)  (53,2117)  (45,2225)  (10,2168)  (18,2062)  (73,2059)  (18,2280)  (75,2279)  (73,2331)  (18,2334)  (10,2386)  (62,2386)  (14,2437)  (66,2437)  (14,2007)  (66,1998)
Dalmatia  (1836,1834)  (1786,1790)  (1739,1737)  (1887,1863)  (1789,1740)  (1740,1788)  (1780,1841)  (1843,1780)  (1892,1807)  (1833,1888)  (1940,1831)  (1942,1883)  (1993,1860)  (1898,1929)
Sea Zone 25  (299,1131)  (299,1079)  (351,1113)  (246,1102)  (245,1153)  (298,1186)  (352,1166)  (405,1139)  (246,1204)  (191,1138)  (189,1193)  (135,1149)  (133,1203)  (350,1041)  (402,1021)  (368,967)  (356,910)  (408,886)  (398,832)  (448,832)  (466,882)  (82,1169)  (29,1136)  (29,1193)  (7,1078)  (8,1022)  (33,969)  (12,916)  (13,861)
Otadinia  (516,702)  (503,752)  (567,688)  (479,650)  (459,701)  (449,754)  (533,621)  (568,738)
Sea Zone 26  (170,474)  (178,531)  (120,533)  (113,471)  (55,500)  (149,417)  (92,410)  (36,438)  (62,559)  (117,592)  (174,592)  (211,414)  (267,372)  (206,357)  (147,350)  (87,346)  (29,376)  (58,620)  (122,652)  (181,650)  (64,680)  (122,711)  (197,303)  (140,289)  (80,288)  (111,233)  (168,233)  (235,624)  (183,705)
Sea Zone 23  (273,1372)  (325,1346)  (327,1398)  (274,1424)  (219,1397)  (218,1342)  (271,1315)  (381,1372)  (327,1452)  (218,1453)  (164,1364)  (166,1420)  (164,1308)  (111,1332)  (110,1384)  (379,1318)  (436,1337)  (378,1430)  (380,1486)  (272,1475)  (324,1506)  (218,1507)  (162,1473)  (107,1437)  (56,1365)  (54,1415)  (52,1466)  (104,1495)  (155,1530)  (213,1561)  (273,1528)  (331,1559)
Sea Zone 24  (778,1221)  (720,1225)  (704,1280)  (651,1237)  (594,1267)  (862,1124)  (867,1063)  (919,1082)  (881,1006)  (932,1024)  (987,1025)  (935,963)  (991,962)  (538,1235)  (524,1293)  (521,1352)  (576,1353)
Balticum  (2163,601)  (2190,547)  (2215,599)  (2244,544)  (2156,657)  (2209,655)  (2158,713)  (2209,734)  (2260,654)  (2260,705)
Chud  (3248,59)  (3197,84)  (3197,30)  (3247,7)  (3300,35)  (3301,88)  (3249,110)  (3195,137)  (3140,142)  (3142,89)  (3145,33)  (3092,11)  (3352,13)  (3403,9)  (3455,10)  (3353,65)  (3406,61)  (3354,117)
Parnia  (4362,2366)  (4354,2421)  (4367,2306)  (4312,2310)  (4371,2254)  (4317,2255)  (4272,2219)  (4350,2480)  (4300,2480)  (4250,2480)  (4200,2480)  (4150,2480)  (4100,2481)
Buri  (1790,1207)  (1735,1241)  (1739,1185)  (1687,1197)  (1688,1142)  (1784,1259)  (1842,1215)  (1833,1266)  (1894,1211)  (1885,1267)
Morum  (2909,763)  (2887,709)  (2939,711)  (2992,708)  (2856,765)  (2827,816)  (2883,818)  (2962,763)  (3015,763)  (2936,817)  (2992,817)  (2826,872)  (2877,875)
Turdetania  (420,2556)  (450,2500)  (402,2446)  (453,2446)  (505,2438)  (500,2489)  (397,2499)  (344,2507)  (314,2562)  (369,2561)  (352,2616)  (472,2554)  (523,2547)  (552,2491)  (576,2547)